Comb4 = 2

0	0	0	1	
1	12	13	27	32	0.80
1	12	18	27	38	0.80
1	10	12	26	39	0.80

0	0	1	1	
1	9	13	26	36	0.80
1	9	18	23	36	0.80
1	9	10	26	36	0.70

0	1	2	2	
1	9	20	33	36	0.60
1	8	9	24	37	0.70
1	9	18	32	36	0.80

0	0	0	1
2	11	12	27	34	0.70
2	5	12	23	37	0.70
2	7	13	27	36	0.80

0	0	0	1
3	11	15	22	36	0.80
3	11	13	22	38	0.80
3	12	18	21	34	0.80

0	0	1	1
2	9	18	26	33	0.80
2	9	18	23	35	0.80
2	8	9	29	37	0.80

0	0	1	1	
3	13	17	30	32	0.70
3	11	14	23	36	0.80
3	11	14	26	34	0.80
3	8	14	23	37	0.80
3	8	14	23	39	0.80
3	8	14	26	37	0.80
3	10	14	27	31	0.80
3	13	14	29	36	0.70

0	1	2	2
2	9	10	24	31	0.70
2	9	13	24	37	0.80
2	9	18	32	35	0.80

0	1	2	2
3	9	11	24	38	0.80
3	9	17	24	32	0.80
3	9	15	20	38	0.80

0	0	0	1
4	12	26	29	35	0.80
4	12	26	35	39	0.70
4	12	27	36	37	0.70
4	10	17	22	33	0.70
4	11	18	22	27	0.70
4	11	22	27	38	0.80
4	11	22	33	36	0.80
4	12	18	21	33	0.80
4	12	18	23	25	0.70
4	12	18	27	35	0.80
4	12	18	33	35	0.70
4	12	13	21	35	0.80
4	12	13	27	29	0.80

0	0	1	1	
4	11	15	30	36	0.80
4	11	21	30	36	0.80
4	11	13	30	37	0.70
4	11	18	30	37	0.70
4	11	29	30	37	0.70
4	9	13	26	35	0.80
4	11	14	26	33	0.80
4	11	14	27	38	0.70
4	11	14	27	39	0.70
4	11	14	29	38	0.80
4	11	14	33	38	0.70
4	9	13	23	38	0.80
4	9	13	26	35	0.80
4	9	15	23	38	0.60
4	9	15	26	35	0.60
4	9	18	26	31	0.80
4	9	18	23	28	0.70

0	1	2	2	
4	9	21	32	35	0.80
4	9	26	32	35	0.80
4	9	13	32	38	0.80

Comb4 = 1

0	0	0	1

1	4	18	22	35	0.50
1	12	18	27	36	0.70
1	10	22	23	39	0.60
1	10	22	27	39	0.60
1	8	22	29	35	0.60
1	8	22	29	38	0.60
1	12	18	26	37	0.70
1	12	18	29	36	0.80
2	7	18	27	34	0.80
2	11	12	27	33	0.80

2	11	12	27	36	0.80
2	11	12	29	33	0.80
2	8	12	23	37	0.70
2	8	12	33	39	0.70
2	7	10	23	34	0.70
2	7	10	27	33	0.70
2	7	10	27	36	0.70
2	7	10	29	34	0.70
2	7	18	27	33	0.80
2	7	18	27	34	0.80

2	7	18	33	36	0.80
3	12	17	26	36	0.70
3	12	21	26	36	0.60
3	12	18	26	37	0.80
3	12	18	27	36	0.80
3	12	15	26	32	0.80
3	12	17	26	30	0.80
3	12	17	27	28	0.80
4	12	21	33	37	0.70
4	12	26	33	37	0.60

4	12	13	33	38	0.70
4	12	23	33	38	0.70

0	0	1	1
1	9	18	26	31	0.80
1	9	18	26	33	0.80
1	9	18	29	30	0.80
1	9	10	23	36	0.70
1	9	10	26	33	0.70
2	9	18	26	31	0.70
2	9	18	26	35	0.70
2	9	18	27	31	0.80

2	9	18	29	36	0.70
2	9	18	33	38	0.70
3	9	18	21	38	0.60
3	9	18	23	36	0.60
3	9	18	26	38	0.70
3	9	15	26	32	0.80
3	9	17	26	32	0.80
3	9	11	26	36	0.80
4	9	18	21	36	0.80
4	9	18	23	31	0.80

4	9	18	29	36	0.80