01/27/21  4 9 17 18 33 11/29/20  19 30 31 32 35	
01/26/21  3 9 18 20 25 11/28/20  3 4 12 14 29	
01/25/21  3 8 23 28 35 11/27/20  4 12 19 24 32	
01/24/21  15 21 22 25 35 11/26/20  11 14 17 32 35	
01/23/21  7 12 17 26 28 11/25/20  7 10 20 21 27	
01/22/21  8 20 24 29 35 11/24/20  1 11 21 23 32	
01/21/21  8 17 23 26 35 11/23/20  4 9 17 25 34	
01/20/21  3 13 19 21 23 11/22/20  13 15 17 26 30	
01/19/21  6 9 10 17 18 11/21/20    1 6 10 20 34	
01/18/21  1 18 22 23 24 11/20/20    1 9 22 26 29	
01/17/21  1 9 13 30 34 11/19/20  2 6 13 34 35	
01/16/21  1 3 17 28 35 11/18/20  1 3 6 13 27	
01/15/21  5 7 31 33 36 11/17/20  3 17 18 28 33	
01/14/21  4 11 16 29 35 11/16/20  5 17 29 32 36	
01/13/21  9 11 12 29 31 11/15/20  3 5 10 23 27	
01/12/21  5 7 24 28 33 11/14/20  3 5 17 18 24	
01/11/21  13 17 24 25 35 11/13/20  2 5 18 20 28	
01/10/21  4 7 8 15 24 11/12/20  5 6 10 17 27	
01/09/21  6 20 23 24 28 11/11/20  14 19 22 29 32	
01/08/21  6 13 14 18 22 11/10/20  2 11 14 24 33	
01/07/21  6 7 14 23 32 11/09/20  18 24 27 28 32	
01/06/21  21 23 24 27 30 11/08/20  1 9 16 18 30	
01/05/21  3 7 28 31 33 11/07/20  6 21 25 27 30	
01/04/21  4 6 10 15 26 11/06/20  8 11 24 26 33	
01/03/21  7 9 19 22 25 11/05/20  9 21 27 31 32	
01/02/21  1 9 20 29 36 11/04/20  1 11 13 19 31	
01/01/21  4 13 17 18 28 11/03/20  11 12 19 22 30	
12/31/20  6 7 16 18 29 11/02/20  1 8 11 12 30	
12/30/20  10 12 20 29 36 11/01/20  4 5 8 13 26	
12/29/20  6 17 22 24 30 10/31/20  12 19 21 26 31	
12/28/20  13 18 23 24 36 10/30/20  1 5 7 16 34	
12/27/20  1 7 24 31 36 10/29/20  5 6 12 17 21	
12/26/20  10 19 25 29 34 10/28/20  3 19 30 33 36	
12/25/20  14 17 20 34 35 10/27/20  2 8 10 14 18	
12/24/20  13 16 18 20 21 10/26/20  12 13 16 21 36	
12/23/20  10 24 28 34 36 10/25/20  3 17 20 25 33	
12/22/20  4 16 17 29 33 10/24/20  2 3 19 22 26	
12/21/20    2 10 11 15 31 10/23/20  7 17 21 30 31	
12/20/20    11 14 18 19 35 10/22/20  3 6 8 16 20	
12/19/20  5 16 32 33 36 10/21/20    5 9 11 16 29	
12/18/20  2 11 13 15 33 10/20/20    1 5 11 17 19	
12/17/20  7 10 19 26 27 10/19/20  10 20 22 25 29	
12/16/20  1 8 20 27 35 10/18/20  4 10 11 20 21	
12/15/20  1 3 19 28 34 10/17/20  6 12 28 35 36	
12/14/20  4 16 19 30 33 10/16/20  1 14 26 28 31	
12/13/20  6 21 22 33 36 10/15/20  5 12 14 18 36	
12/12/20  1 3 12 27 34 10/14/20  2 7 16 19 33	
12/11/20  3 20 24 27 31 10/13/20  7 12 16 22 30	
12/10/20  2 13 21 23 34 10/12/20  4 10 21 24 35	
12/09/20  7 20 26 30 32 10/11/20  1 12 19 28 32	
12/08/20  8 10 16 19 35 10/10/20  17 22 23 30 36	
12/07/20  5 10 11 18 35 10/09/20  10 17 20 27 30	
12/06/20  10 15 16 23 31 10/08/20  14 20 22 25 36	
12/05/20  5 13 17 19 31 10/07/20  8 14 30 31 33	
12/04/20  14 18 20 26 36 10/06/20  5 22 23 29 35	
12/03/20  6 23 29 34 36 10/05/20  13 15 21 33 34	
12/02/20  6 8 26 29 30 10/04/20  17 20 21 22 29	
12/01/20  10 12 15 18 28 10/03/20  13 19 24 26 30	
11/30/20  2 8 19 24 36 10/02/20  4 22 23 34 36	
FLORIDA LOTTERY Winning Numbers History	
28 JAN 2021 Page 2 of 77
Please note every effort has been made to ensure that the enclosed information is accurate; however, in the event of an error, the winning  numbers in the official record of the Florida Lottery shall be controlling.
FANTASY 5	
10/01/20  12 13 23 29 34 08/03/20  8 27 29 34 35	
09/30/20  4 5 6 25 28 08/02/20  5 17 26 29 35	
09/29/20  8 17 24 29 32 08/01/20  6 9 15 28 32	
09/28/20  17 24 25 27 34 07/31/20  9 14 15 29 35	
09/27/20  3 9 10 12 25 07/30/20  4 6 17 22 31	
09/26/20  8 13 14 21 36 07/29/20  2 10 25 28 29	
09/25/20  3 9 25 29 31 07/28/20  25 31 32 35 36	
09/24/20  4 12 27 31 36 07/27/20  1 3 21 30 32	
09/23/20  5 20 21 31 35 07/26/20  6 9 14 23 24	
09/22/20  15 16 24 31 35 07/25/20  3 9 21 22 34	
09/21/20    5 6 7 24 34 07/24/20  9 10 15 33 35	
09/20/20    4 15 16 18 19 07/23/20  15 19 22 25 31	
09/19/20  3 5 14 23 26 07/22/20  3 18 19 23 33	
09/18/20  7 11 13 26 29 07/21/20    2 14 19 23 24	
09/17/20  8 15 19 25 35 07/20/20    11 22 26 30 31	
09/16/20  11 19 21 28 31 07/19/20  3 4 14 28 32	
09/15/20  1 11 19 23 29 07/18/20  9 14 15 18 31	
09/14/20  7 11 23 30 33 07/17/20  3 14 16 18 20	
09/13/20  11 25 27 28 33 07/16/20  4 17 22 24 30	
09/12/20  2 3 7 16 17 07/15/20  6 18 23 27 29	
09/11/20  5 10 21 32 35 07/14/20  9 18 20 30 34	
09/10/20  1 5 19 31 35 07/13/20  10 15 21 23 33	
09/09/20  6 17 20 23 26 07/12/20  3 8 16 31 36	
09/08/20  5 7 11 22 26 07/11/20  4 11 23 27 33	
09/07/20  9 12 16 19 27 07/10/20  1 6 22 25 28	
09/06/20  4 5 13 28 29 07/09/20  16 19 26 30 33	
09/05/20  2 20 25 28 30 07/08/20  6 8 13 21 22	
09/04/20  13 17 23 25 33 07/07/20  10 11 19 22 36	
09/03/20  9 10 12 18 32 07/06/20  13 19 20 21 31	
09/02/20  9 13 15 23 33 07/05/20  1 3 15 24 35	
09/01/20  7 12 23 26 31 07/04/20  2 12 25 33 36	
08/31/20  2 24 26 28 30 07/03/20  3 4 11 31 36	
08/30/20  7 18 19 27 30 07/02/20  3 20 30 34 36	
08/29/20  2 6 13 15 32 07/01/20  3 7 15 23 31	
08/28/20  4 8 10 22 23 06/30/20  7 8 19 24 35	
08/27/20  4 19 22 25 28 06/29/20  1 6 17 20 28	
08/26/20  3 8 18 21 24 06/28/20  3 8 18 23 28	
08/25/20  13 21 24 32 36 06/27/20  1 8 18 23 26	
08/24/20  6 8 14 31 34 06/26/20  2 5 12 24 31	
08/23/20  7 11 17 26 29 06/25/20  7 12 13 26 29	
08/22/20  12 17 21 25 36 06/24/20  5 9 10 28 31	
08/21/20    15 19 28 30 33 06/23/20  4 6 9 14 31	
08/20/20    6 10 15 17 34 06/22/20  6 11 22 29 34	
08/19/20  12 16 19 29 34 06/21/20    3 9 18 22 26	
08/18/20  5 9 12 18 28 06/20/20    7 18 24 26 34	
08/17/20  6 32 33 34 36 06/19/20  2 5 8 16 20	
08/16/20  10 13 32 35 36 06/18/20  1 3 5 29 31	
08/15/20  11 15 21 23 34 06/17/20  2 7 14 33 34	
08/14/20  13 24 32 33 35 06/16/20  4 8 9 27 31	
08/13/20  1 7 10 13 21 06/15/20  7 10 23 28 30	
08/12/20  7 15 17 32 36 06/14/20  2 6 8 13 26	
08/11/20  11 15 27 30 35 06/13/20  11 12 15 24 31	
08/10/20  14 19 27 30 33 06/12/20  4 8 15 22 34	
08/09/20  4 8 15 25 34 06/11/20  2 6 9 14 15	
08/08/20  6 21 28 32 36 06/10/20  8 17 26 33 34	
08/07/20  3 4 17 33 36 06/09/20  2 5 19 24 34	
08/06/20  2 10 13 17 35 06/08/20  10 16 22 33 34	
08/05/20  14 17 18 24 27 06/07/20  9 16 19 23 29	
08/04/20  5 13 15 26 33 06/06/20  3 11 23 26 35	