09/05/2023	
17 18 19 21 22
09/04/2023	
01 07 10 19 27
09/03/2023	
01 12 14 30 36
09/02/2023	
06 12 17 23 27
09/01/2023	
03 11 16 19 30
08/31/2023	
15 27 36 38 41
08/30/2023	
02 03 14 19 23
08/29/2023	
01 14 21 25 29
08/28/2023	
07 13 18 27 39
08/27/2023	
02 08 28 30 41
08/26/2023	
11 19 26 28 34
08/25/2023	
17 26 34 35 41
08/24/2023	
05 07 10 12 22
08/23/2023	
05 09 29 35 37
08/22/2023	
04 11 14 38 42
08/21/2023	
14 27 29 30 34
08/20/2023	
08 15 23 26 37
08/19/2023	
02 11 14 32 36
08/18/2023	
08 13 19 27 39
08/17/2023	
09 12 14 30 35