05/12/2025	
06 29 33 38 40
05/11/2025	
14 19 24 39 40
05/10/2025	
06 07 12 19 37
05/09/2025	
06 12 22 26 27
05/08/2025	
01 07 21 30 32
05/07/2025	
13 18 28 33 34
05/06/2025	
04 15 36 39 41
05/05/2025	
06 11 12 20 29
05/04/2025	
04 07 11 15 16
05/03/2025	
02 10 11 22 41
05/02/2025	
15 18 37 39 40
05/01/2025	
03 19 25 32 34
04/30/2025	
01 20 32 33 35
04/29/2025	
17 22 26 29 34
04/28/2025	
07 15 19 28 39
04/27/2025	
15 17 20 37 39
04/26/2025	
06 16 23 34 41
04/25/2025	
10 17 24 37 38
04/24/2025	
01 04 13 38 41
04/23/2025	
04 06 22 24 26