05/04/19
07 34 39 40 42  
05/03/19
10 11 17 30 38  
05/02/19
02 21 22 25 35  
05/01/19
14 23 26 31 42  
04/30/19
04 05 15 18 28  
04/29/19
08 15 21 25 35  
04/28/19
06 12 16 24 31  
04/27/19
02 24 27 30 34  
04/26/19
07 12 34 36 38  
04/25/19
03 23 28 35 40  
04/24/19
01 17 22 25 39  
05/30/19
19 20 33 35 42  
05/29/19
02 05 20 31 41  
05/28/19
03 10 14 21 22  
05/27/19
03 16 18 19 37  
05/26/19
04 06 09 17 40  
05/25/19
03 06 17 26 31  
05/24/19
03 18 22 23 40  
05/23/19
07 11 12 16 17  
05/22/19
08 09 19 22 26  
05/21/19
07 08 10 22 41  
05/20/19
05 09 16 19 39  
05/20/19
09 11 13 18 30  
05/18/19
09 10 12 28 32  
05/17/19
12 17 22 31 41  
05/16/19
07 15 21 22 24  
05/15/19
10 12 26 30 37  
05/14/19
14 15 19 32 33  
05/13/19
08 16 19 26 36  
05/12/19
07 17 20 33 42  
05/11/19
06 26 34 38 41  
05/10/19
05 08 21 30 38  
05/09/19
03 17 34 37 42  
05/08/19
03 04 06 16 23  
05/07/19
01 06 13 18 42  
05/06/19
05 10 18 26 28  
05/05/19
07 27 35 38 39  