3 12 18 28 35 0.78 
3 12 21 27 34 0.78 

4 13 26 33 39 0.75 
4 17 18 21 35 0.67  

5 12 17 28 34 0.78 
5 12 15 30 34 0.78 
------------------------------
3 11 20 29 34 0.78 
3 11 22 27 34 0.78 
3 11 22 24 37 0.78 
3 6 20 29 39 0.78 
3 11 22 24 39 0.64 

5 11 20 28 33 0.78 
5 11 20 29 30 0.52 
5 11 20 30 36 0.70 
5 11 20 31 38 0.81 

6 14 22 25 37 0.80 
6 10 14 31 35 0.78 
6 10 17 31 32 0.78 
6 10 21 31 37 0.81 
6 10 23 29 37 0.81 

7 11 20 25 34 0.78 
7 11 22 31 34 0.81 
7 11 20 31 36 0.81 
7 11 20 30 33 0.69 
7 11 22 28 31 0.64 

8 11 20 31 35 0.81 
8 11 20 29 37 0.81 
8 11 20 31 36 0.77 
8 11 20 25 33 0.78 
8 11 20 31 34 0.80 

9 11 22 29 34 0.81 
9 11 22 28 35 0.81 
9 11 22 28 37 0.53 
9 11 20 28 33 0.69 
9 11 20 21 36 0.78 

10 11 21 29 34 0.81 
10 11 21 27 36 0.81 
10 11 21 27 38 0.53 
============================


