135/2/3
13	17	24	39	42
14	15	29	35	42
13	22	29	34	37
4	25	29	35	42
7	25	29	32	42
13	17	24	39	42
7	22	31	33	42
4	25	31	33	42
7	25	26	35	42
4	17	33	39	42

103/2/3
1	10	17	34	41
5	14	17	30	37
1	16	17	37	37
5	16	17	30	34
1	10	17	30	34
5	14	15	32	37
3	10	15	34	41
5	12	15	34	37
3	14	17	32	37
8	13	17	30	33

121/2/3
7	20	26	29	39
3		26		39
7	13	24	38	39
7	18	29	30	37
12	13	26	31	39
7	21	22	32	39
6	13	26	37	39
13	17	26	28	37
13	20	22	27	39
8	17	26	31	39

105/2/3

97/2/3
5	6	19	32	35
5	14	19	21	38
5	14	20	23	35
5	6	20	27	38
5	10	22	33	35
5	6	24	27	35
5	10	14	33	35
5	9	14	31	38
5	6	15	33	38

5	9	22	23	38






















5	9	21	24	35
5	14	19	26	33
1	14	19	28	35
6	14	19	23	35
5	9	21	24	38
5	10	13	34	35




4	9	19	30	35
5	14	20	25	33
3	14	19	26	35
5	19	20	25	28











5	17	20	27	28
6	9	19	25	38
1	14	19	25	38
5	9	18	30	35
1	14	20	27	35
5	6	20	27	39

116/3/2
2	14	29	31	40
2	22	29	30	33
2	13	29	30	42




2	17	19	38	40
2	18	29	33	34
2	18	19	37	40
2	21	29	30	34
2	7	31	36	40


2	16	21	37	40
4	11	29	32	40
2	12	25	37	40
1	16	29	30	40
2	16	19	37	42
7	8	29	32	40






















2	7	31	34	42
2	8	31	33	42
4	18	29	32	33
4	20	29	30	33
6	9	29	32	40
5	12	29	30	40
4	10	29	31	42
3	12	29	32	40
4	18	19	35	40

95/3/2


138/3/2
1	29	30	38	40
1	28	30	39	40
1	24	30	41	42
2	25	30	39	42
2	27	30	39	40
3	22	30	41	42
3	26	30	39	40
4	23	32	37	42
4	21	30	41	42
4	25	30	39	40
5	21	32	38	42












5	21	30	40	42
5	24	30	39	40
6	21	32	39	40
6	21	32	37	42
6	21	30	39	42










7	23	32	36	40	
7	19	32	38	42
7	19	30	40	42
8	21	32	35	42
9	18	24	35	42










9	17	32	18	42
10	17	24	41	42
10	15	32	39	42

112/3/2
2	15	23	34	38
13	16	18	27	38
2	13	24	35	38
13	16	20	25	38
13	15	18	30	36
2	20	23	31	36











2	15	23	34	38
3	22	23	26	38
8	14	23	29	38
8	13	24	29	38
2	13	26	33	38
3	22	23	28	36
3	14	24	35	36
2	21	22	29	38

130/3/2
14	15	28	33	40
13	17	28	32	40











6	21	28	35	40
1	22	28	39	40
13	19	26	32	40
13	18	24	35	40
1	22	31	36	40
6	23	26	35	40
14	15	24	37	40
14	23	24	29	40

88/3/2
6	8	9	23	42
3	4	12	27	42

















6	9	10	21	42
3	5	12	26	42
6	7	13	20	42
3	6	12	25	42
6	10	11	19	42	
3	5	8	30	42
6	7	14	19	42
3	6	9	28	42

100/3/2
2	13	19	28	38
2	13	18	29	38





















2	11	20	29	38
2	9	14	37	38
2	10	22	27	38
2	10	21	29	38
8	10	19	25	38
2	9	25	26	38
2	10	17	33	38
2	10	19	34	35
2	10	19	28	41
2	15	19	30	34

113/2/3
2	19	20	35	37
9	15	20	32	37
8	17	20	31	37
9	16	19	32	37
2	19	20	31	40
9	15	20	28	41
2	15	22	33	37
2	19	22	33	37
15	17	20	24	37
9	15	22	26	37
8	17	19	32	37
8	17	20	27	41
5	17	20	34	37

